t	sdlx2
0	0.002492308
15	0.002953846		
30	0.002984616		
45	0.003446154		
60	0.003876924		
75	0.004615384		
90	0.004553846		
105	0.004707692		
120	0.005076924		
135	0.00556923		
150	0.005476924		
165	0.00643077		
180	0.006676924		
195	0.007015384		
210	0.007415384		
225	0.007784616		
240	0.0084		
255	0.008584616		
270	0.008738462		
285	0.009138462		
300	0.009661538		
315	0.010338462		
330	0.01036923		
345	0.010861538		
360	0.011138462		
375	0.011353846		
390	0.011815384		
405	0.012061538		
420	0.012615384		
435	0.012738462		
450	0.01316923		
465	0.013661538		
480	0.014184616		
495	0.014215384		
510	0.014615384		
525	0.015415384		
540	0.015292308		
555	0.015846154		
570	0.016061538		
585	0.016492308		
600	0.01683077		
615	0.01723077		
630	0.017507692		
645	0.017723076		
660	0.018153846		
675	0.01876923		
690	0.0188		
705	0.019476924		
720	0.019476924		
735	0.019938462		
750	0.020523076		
765	0.020553846		
780	0.021353846		
795	0.021076924		
810	0.021538462		
825	0.0216		
840	0.022		
855	0.022153846		
870	0.022584616		
885	0.023384616		
900	0.023507692		
915	0.02356923		
930	0.023692308		
945	0.02443077		
960	0.024707692		
975	0.024953846		
990	0.025323076		
1005	0.02563077		
1020	0.02563077		
1035	0.026246154		
1050	0.026615384		
1065	0.027138462		
1080	0.027323076		
1095	0.027507692		
1110	0.027661538		
1125	0.028092308		
1140	0.028492308		
1155	0.028892308		
1170	0.029015384		
1185	0.02923077		
1200	0.029753846		
1215	0.029815384		
1230	0.030123076		
1245	0.030553846		
1260	0.031107692		
1275	0.030892308		
1290	0.03123077		
1305	0.03196923		
1320	0.032215384		
1335	0.032307692		
1350	0.032553846		
1365	0.032676924		
1380	0.032923076		
1395	0.033661538		
1410	0.033446154		
1425	0.034184616		
1440	0.034307692		
1455	0.0348		
1470	0.03476923		
1485	0.0352		
1500	0.035353846		
1515	0.035723076		
1530	0.035846154		
1545	0.036246154		
1560	0.036523076		
1575	0.036953846		
1590	0.037107692		
1605	0.037353846		
1620	0.038153846		
1635	0.038		
1650	0.03836923		
1665	0.038646154		
1680	0.039415384		
1695	0.039138462		
1710	0.039507692		
1725	0.03916923		
1740	0.039784616		
1755	0.039846154		
1770	0.040615384		
1785	0.040615384		
1800	0.04123077		
1815	0.041292308		
1830	0.041815384		
1845	0.0416		
1860	0.042276924		
1875	0.042307692		
1890	0.042615384		
1905	0.042892308		
1920	0.043292308		
1935	0.043476924		
1950	0.043507692		
1965	0.044123076		
1980	0.044246154		
1995	0.044492308		
2010	0.0444		
2025	0.044707692		
2040	0.04516923		
2055	0.04556923		
2070	0.045876924		
2085	0.045846154		
2100	0.046246154		
2115	0.0464		
2130	0.046523076		
2145	0.046523076		
2160	0.04683077		
2175	0.047723076		
2190	0.047753846		
2205	0.048123076		
2220	0.048123076		
2235	0.04843077		
2250	0.048892308		
2265	0.049107692		
2280	0.049507692		
2295	0.049476924		
2310	0.04963077		
2325	0.050061538		
2340	0.050184616		
2355	0.050215384		
2370	0.050615384		
2385	0.0508		
2400	0.050892308		
2415	0.051538462		
2430	0.051476924		
2445	0.05163077		
2460	0.052123076		
2475	0.05276923		
2490	0.052676924		
2505	0.052707692		
2520	0.0528		
2535	0.053692308		
2550	0.053784616		
2565	0.053507692		
2580	0.05356923		
2595	0.054338462		
2610	0.054307692		
2625	0.0544		
2640	0.054707692		
2655	0.054984616		
2670	0.0556		
2685	0.055538462		
2700	0.055784616		
2715	0.05603077		
2730	0.055846154		
2745	0.056338462		
2760	0.056338462		
2775	0.056953846		
2790	0.057292308		
2805	0.056892308		
2820	0.05803077		
2835	0.058		
2850	0.057876924		
2865	0.058184616		
2880	0.0584		
2895	0.058615384		
2910	0.058492308		
2925	0.058861538		
2940	0.059076924		
2955	0.05963077		
2970	0.05956923		
2985	0.060092308		
3000	0.059753846		
3015	0.060338462		
3030	0.060676924		
3045	0.060615384		
3060	0.060646154		
3075	0.061538462		
3090	0.061415384		
3105	0.061753846		
3120	0.061384616		
3135	0.062461538		
3150	0.062338462		
3165	0.061784616		
3180	0.062984616		
3195	0.063138462		
3210	0.063538462		
3225	0.062892308		
3240	0.0636		
3255	0.063384616		
3270	0.063692308		
3285	0.064215384		
3300	0.064		
3315	0.064246154		
3330	0.064276924		
3345	0.064553846		
3360	0.065076924		
3375	0.065476924		
3390	0.065138462		
3405	0.0652		
3420	0.065476924		
3435	0.065784616		
3450	0.066092308		
3465	0.066276924		
3480	0.066215384		
3495	0.066492308		
3510	0.066923076		
3525	0.066707692		
3540	0.0668		
3555	0.067692308		
3570	0.067507692		
3585	0.067476924		
3600	0.068123076		
3615	0.068492308		
3630	0.069015384		
3645	0.068461538		
3660	0.068707692		
3675	0.069384616		
3690	0.06956923		
3705	0.068738462		
3720	0.068892308		
3735	0.06916923		
3750	0.069415384		
3765	0.06956923		
3780	0.070061538		
3795	0.07043077		
3810	0.070338462		
3825	0.071138462		
3840	0.070984616		
3855	0.07116923		
3870	0.071138462		
3885	0.07123077		
3900	0.071876924		
3915	0.071846154		
3930	0.071938462		
3945	0.072153846		
3960	0.072553846		
3975	0.072738462		
3990	0.072492308		
4005	0.072861538		
4020	0.073476924		
4035	0.072953846		
4050	0.073446154		
4065	0.073753846		
4080	0.074061538		
4095	0.073907692		
4110	0.074184616		
4125	0.074615384		
4140	0.074523076		
4155	0.074738462		
4170	0.0744		
4185	0.075292308		
4200	0.074676924		
4215	0.074738462		
4230	0.075384616		
4245	0.07563077		
4260	0.075907692		
4275	0.075692308		
4290	0.076153846		
4305	0.076523076		
4320	0.076861538		
4335	0.076676924		
4350	0.07683077		
4365	0.077076924		
4380	0.076676924		
4395	0.0772		
4410	0.077076924		
4425	0.077384616		
4440	0.077692308		
4455	0.07796923		
4470	0.078		
4485	0.078		
4500	0.078184616		
4515	0.079076924		
4530	0.079107692		
4545	0.07916923		
4560	0.07963077		
4575	0.079815384		
4590	0.079353846		
4605	0.079723076		
4620	0.080153846		
4635	0.08036923		
4650	0.08036923		
4665	0.08076923		
4680	0.080461538		
4695	0.081076924		
4710	0.080923076		
4725	0.0808		
4740	0.081384616		
4755	0.081384616		
4770	0.081507692		
4785	0.081507692		
4800	0.08156923		
4815	0.082092308		
4830	0.081692308		
4845	0.082523076		
4860	0.082338462		
4875	0.082246154		
4890	0.082523076		
4905	0.083046154		
4920	0.0824		
4935	0.08283077		
4950	0.083507692		
4965	0.083476924		
4980	0.083353846		
4995	0.083507692		
5010	0.083815384		
5025	0.083846154		
5040	0.084061538		
5055	0.084276924		
5070	0.084153846		
5085	0.084246154		
5100	0.084246154		
5115	0.08476923		
5130	0.08476923		
5145	0.085046154		
5160	0.085723076		
5175	0.085815384		
5190	0.08563077		