0.2165 0.4584 -2.242 -2.198
 0.239  0.421 -2.167 -2.265
0.2249 0.4409 -2.224 -2.234
0.2372 0.4214 -2.173 -2.263
0.2412 0.4114 -2.146  -2.27
 0.229 0.4215 -2.196 -2.254
0.2547 0.4216 -2.116 -2.274
0.2469 0.4261 -2.149 -2.269
0.2329 0.4174  -2.18 -2.261
0.2533 0.4197 -2.118 -2.274
0.2311 0.4299   -2.2 -2.252
0.2199 0.4405 -2.232 -2.224
0.2332 0.4327 -2.198 -2.253
0.2473 0.4175 -2.135 -2.272
0.2596  0.419 -2.094 -2.275
0.2362  0.434 -2.192 -2.256
0.2222 0.4287 -2.219 -2.238
0.2274 0.4287 -2.208 -2.247
0.2482 0.4153 -2.128 -2.273
0.2323 0.4216 -2.188 -2.258
0.2168  0.442 -2.236 -2.215
0.2513 0.4153 -2.117 -2.274
0.2176 0.4513 -2.239 -2.208
0.2339 0.4214 -2.183  -2.26
0.2368 0.4186 -2.171 -2.264
 0.248 0.4197 -2.136 -2.272
0.2522 0.4148 -2.113 -2.274
0.2207 0.4656 -2.241 -2.201
0.2612 0.4209 -2.092 -2.275
0.2362 0.4139 -2.166 -2.265
0.2534 0.4155  -2.11 -2.274
 0.221  0.433 -2.225 -2.233
 0.236 0.4318  -2.19 -2.257
0.2236 0.4338 -2.221 -2.237
0.2463 0.4106 -2.127 -2.273
0.2418 0.4169 -2.152 -2.269
0.2403  0.414 -2.153 -2.269
0.2588  0.418 -2.095 -2.275
0.2386 0.4241 -2.173 -2.263
0.2644 0.4228 -2.084 -2.275
 0.228  0.429 -2.207 -2.248
0.2209 0.4394  -2.23 -2.227
0.2193 0.4339 -2.228 -2.228
0.2161  0.448 -2.239 -2.208
0.2451 0.4157 -2.139 -2.271
0.2455  0.421 -2.146  -2.27
0.2236 0.4324  -2.22 -2.238
0.2543 0.4187 -2.113 -2.274
0.2255 0.4349 -2.218  -2.24
0.2148 0.4658 -2.243 -2.184
0.2534 0.4208 -2.119 -2.274
0.2283 0.4282 -2.206 -2.249
0.2385 0.4175 -2.164 -2.266
0.2182 0.4459 -2.237 -2.215
0.2556 0.4183 -2.107 -2.275
 0.262 0.4195 -2.086 -2.275
0.2323 0.4118 -2.175 -2.263
0.2464  0.415 -2.134 -2.272
0.2548 0.4176 -2.109 -2.275
0.2555  0.416 -2.103 -2.275
0.2517 0.4243 -2.131 -2.272
0.2196  0.433 -2.227  -2.23
0.2315  0.422  -2.19 -2.257
0.2156 0.4295 -2.231 -2.224
0.2255 0.4275 -2.211 -2.245
 0.226 0.4463 -2.226 -2.231
0.2416 0.4174 -2.154 -2.269
0.2229 0.4451  -2.23 -2.226
0.2201  0.443 -2.233 -2.222
0.2204 0.4338 -2.227 -2.231
0.2449 0.4173 -2.143 -2.271
0.2188 0.4494 -2.237 -2.213
0.2164 0.4394 -2.236 -2.217
0.2321 0.4341 -2.203  -2.25
 0.231 0.4409 -2.211 -2.244
0.2453 0.4172 -2.141 -2.271
0.2419 0.4197 -2.156 -2.268
0.2525 0.4163 -2.115 -2.274
 0.233 0.4296 -2.195 -2.254
0.2405 0.4275 -2.172 -2.264
0.2224 0.4493 -2.233 -2.221
0.2211 0.4421 -2.231 -2.225
0.2272 0.4306  -2.21 -2.246
0.2476 0.4237 -2.144  -2.27
0.2491 0.4129 -2.121 -2.274
0.2452 0.4191 -2.145  -2.27
0.2218 0.4315 -2.222 -2.235
0.2235 0.4359 -2.223 -2.235
0.2433 0.4225 -2.156 -2.268
0.2173 0.4387 -2.234  -2.22
0.2182 0.4426 -2.235 -2.218
 0.245 0.4274 -2.158 -2.267
0.2163 0.4647 -2.243  -2.19
0.2236 0.4349 -2.222 -2.236
0.2492 0.4161 -2.126 -2.273
 0.219 0.4535 -2.239 -2.209
0.2238 0.4381 -2.224 -2.234
0.2191 0.4659 -2.242 -2.197
0.2299  0.433 -2.207 -2.248
0.2378 0.4198 -2.169 -2.265
0.2385 0.4149  -2.16 -2.267
0.2154 0.4592 -2.242 -2.194
0.2452 0.4228  -2.15 -2.269
0.2143  0.449 -2.241 -2.202
0.2164 0.4517  -2.24 -2.205
0.2332 0.4279 -2.193 -2.256
0.2211 0.4583 -2.238  -2.21
0.2336 0.4221 -2.185 -2.259
0.2131 0.4518 -2.242 -2.195
0.2544  0.418 -2.111 -2.274
0.2312 0.4289 -2.199 -2.252
0.2632 0.4191 -2.081 -2.275
0.2531 0.4231 -2.124 -2.273
0.2408  0.426 -2.169 -2.265
0.2518 0.4195 -2.123 -2.273
0.2321 0.4242 -2.191 -2.256
0.2171 0.4415 -2.236 -2.216
 0.222 0.4272 -2.218 -2.239
0.2618 0.4202 -2.088 -2.275
0.2296 0.4343 -2.209 -2.247
0.2399 0.4173 -2.159 -2.267
0.2173 0.4589 -2.241   -2.2
 0.247 0.4153 -2.132 -2.272
0.2555  0.417 -2.105 -2.275
0.2326 0.4232 -2.189 -2.258
0.2203 0.4375 -2.229 -2.227
0.2419 0.4229 -2.161 -2.267
0.2173  0.445 -2.237 -2.214
0.2261 0.4338 -2.216 -2.241
0.2293 0.4389 -2.214 -2.243
0.2202 0.4449 -2.234  -2.22
0.2358 0.4191 -2.174 -2.263
0.2626 0.4188 -2.083 -2.275
0.2358 0.4263 -2.184  -2.26
0.2467 0.4181 -2.138 -2.271
 0.237 0.4313 -2.186 -2.258
0.2488 0.4145 -2.125 -2.273
0.2398 0.4191 -2.162 -2.267
0.2297 0.4227 -2.196 -2.254
0.2434 0.4115 -2.138 -2.271
0.2151 0.4669 -2.243 -2.184
0.2279 0.4253 -2.203  -2.25
0.2275 0.4257 -2.205 -2.249
0.2374 0.4201 -2.171 -2.264
0.2329 0.4159 -2.179 -2.261
0.2482 0.4163  -2.13 -2.273
0.2195 0.4574  -2.24 -2.207
0.2164  0.461 -2.242 -2.195
0.2292 0.4269 -2.202 -2.251
0.2152 0.4501 -2.241 -2.203
0.2324 0.4168 -2.181  -2.26
0.2387 0.4199 -2.167 -2.265
0.2232 0.4379 -2.225 -2.233
0.2509 0.4173 -2.122 -2.274
0.2465 0.4118 -2.128 -2.273
0.2217 0.4501 -2.235 -2.219
0.2517  0.414 -2.114 -2.274
0.2478 0.4173 -2.133 -2.272
0.2255  0.429 -2.213 -2.244
0.2268 0.4345 -2.215 -2.242
0.2185 0.4691 -2.242 -2.192
0.2443 0.4158 -2.142 -2.271
0.2575 0.4195 -2.103 -2.275
0.2451 0.4257 -2.155 -2.268
  0.26 0.4221 -2.098 -2.275
0.2445  0.422 -2.151 -2.269
0.2199 0.4245  -2.22 -2.237
0.2383  0.427 -2.177 -2.262
0.2321 0.4197 -2.186 -2.259
 0.221 0.4627  -2.24 -2.205
0.2243 0.4526 -2.232 -2.222
0.2181 0.4616 -2.242 -2.199
0.2185 0.4499 -2.238 -2.212
0.2339 0.4206 -2.182  -2.26
 0.229 0.4342  -2.21 -2.246
0.2523  0.419  -2.12 -2.274
0.2215 0.4385 -2.228 -2.229
0.2254 0.4291 -2.213 -2.244
0.2354 0.4218 -2.179 -2.261
0.2296 0.4426 -2.216 -2.241
0.2573 0.4177   -2.1 -2.275
0.2436 0.4175 -2.147  -2.27
0.2183 0.4502 -2.238 -2.211
0.2575 0.4165 -2.097 -2.275
0.2175 0.4685 -2.243 -2.189
0.2593 0.4205 -2.098 -2.275
0.2557 0.4176 -2.106 -2.275
0.2313 0.4247 -2.194 -2.255
0.2167 0.4566 -2.241   -2.2
0.2401  0.422 -2.165 -2.266
0.2571 0.4197 -2.104 -2.275
0.2305  0.432 -2.204  -2.25
0.2354 0.4195 -2.176 -2.262
0.2341 0.4341 -2.197 -2.253
  0.23 0.4274   -2.2 -2.252
0.2358 0.4211 -2.177 -2.262
0.2428 0.4264 -2.163 -2.266
0.2236 0.4291 -2.217 -2.241
0.2174 0.4552 -2.241 -2.204
 0.248 0.4277 -2.148 -2.269
